name: avobjects
channels:
  - pytorch
  - conda-forge
  - anaconda
  - defaults
dependencies:
  - _libgcc_mutex=0.1=main
  - blas=1.0=mkl
  - bzip2=1.0.8=h516909a_3
  - ca-certificates=2020.6.20=hecda079_0
  - certifi=2020.6.20=py36h9880bd3_2
  - cffi=1.14.3=py36he30daa8_0
  - cudatoolkit=9.2=0
  - cudnn=7.6.5=cuda9.2_0
  - cupy=6.0.0=py36hc15394e_0
  - dataclasses=0.7=py36_0
  - fastrlock=0.5=py36he6710b0_0
  - ffmpeg=4.3.1=h3215721_1
  - freetype=2.10.4=h5ab3b9f_0
  - gmp=6.2.0=he1b5a44_3
  - gnutls=3.6.13=h79a8f9a_0
  - intel-openmp=2020.2=254
  - jpeg=9b=h024ee3a_2
  - lame=3.100=h14c3975_1001
  - lcms2=2.11=h396b838_0
  - ld_impl_linux-64=2.33.1=h53a641e_7
  - libedit=3.1.20191231=h14c3975_1
  - libffi=3.3=he6710b0_2
  - libgcc-ng=9.1.0=hdf63c60_0
  - libiconv=1.16=h516909a_0
  - libpng=1.6.37=hbc83047_0
  - libstdcxx-ng=9.1.0=hdf63c60_0
  - libtiff=4.1.0=h2733197_1
  - libuv=1.40.0=h7b6447c_0
  - lz4-c=1.9.2=heb0550a_3
  - mkl=2020.2=256
  - mkl-service=2.3.0=py36he904b0f_0
  - mkl_fft=1.2.0=py36h23d657b_0
  - mkl_random=1.1.1=py36h0573a6f_0
  - nccl=1.3.5=cuda9.2_0
  - ncurses=6.2=he6710b0_1
  - nettle=3.4.1=h1bed415_1002
  - ninja=1.10.1=py36hfd86e86_0
  - numpy=1.19.2=py36h54aff64_0
  - numpy-base=1.19.2=py36hfa32c7d_0
  - olefile=0.46=py36_0
  - openh264=2.1.1=h8b12597_0
  - openssl=1.1.1h=h516909a_0
  - pillow=8.0.1=py36he98fc37_0
  - pip=20.2.4=py36_0
  - pycparser=2.20=py_2
  - python=3.6.12=hcff3b4d_2
  - python_abi=3.6=1_cp36m
  - pytorch=1.2.0=py3.6_cuda9.2.148_cudnn7.6.2_0
  - readline=8.0=h7b6447c_0
  - setuptools=50.3.0=py36hb0f4dca_1
  - six=1.15.0=py_0
  - sqlite=3.33.0=h62c20be_0
  - tk=8.6.10=hbc83047_0
  - torchaudio=0.3.0=py36
  - torchvision=0.4.0=py36_cu92
  - typing=3.7.4.3=py36_0
  - typing_extensions=3.7.4.3=py_0
  - wheel=0.35.1=py_0
  - x264=1!152.20180806=h14c3975_0
  - xz=5.2.5=h7b6447c_0
  - zlib=1.2.11=h7b6447c_3
  - zstd=1.4.5=h9ceee32_0
  - pip:
    - appdirs==1.4.4
    - audioread==2.1.9
    - av==8.0.2
    - backcall==0.2.0
    - chardet==3.0.4
    - configargparse==1.2.3
    - cycler==0.10.0
    - decorator==4.4.2
    - idna==2.10
    - imageio==2.9.0
    - imageio-ffmpeg==0.4.2
    - ipdb==0.13.4
    - ipython==7.16.1
    - ipython-genutils==0.2.0
    - jedi==0.17.2
    - joblib==0.17.0
    - kiwisolver==1.3.0
    - librosa==0.8.0
    - llvmlite==0.34.0
    - matplotlib==3.3.2
    - moviepy==1.0.3
    - numba==0.51.2
    - opencv-python==4.4.0.44
    - packaging==20.4
    - pandas==1.1.3
    - parso==0.7.1
    - pexpect==4.8.0
    - pickleshare==0.7.5
    - pooch==1.2.0
    - proglog==0.1.9
    - prompt-toolkit==3.0.8
    - protobuf==3.13.0
    - ptyprocess==0.6.0
    - pygments==2.7.2
    - pyparsing==2.4.7
    - python-dateutil==2.8.1
    - pytz==2020.1
    - requests==2.24.0
    - resampy==0.2.2
    - scikit-learn==0.23.2
    - scipy==1.5.3
    - soundfile==0.10.3.post1
    - tensorboardx==2.1
    - threadpoolctl==2.1.0
    - tqdm==4.51.0
    - traitlets==4.3.3
    - urllib3==1.25.11
    - wcwidth==0.2.5
prefix: /localscratch/afourast/libraries/miniconda3/envs/avdeploy
